-810893499850376787
-7073727921257535461
3981885788515208041
-8078518845920603421
7351343241086429361
6208484983151218556
3678255701965715415
4652070449137191564
967851199409524690
4780422389423001087
8785304867903253614
4790766592878999497
4770140160182636706
2304539509124395625
-8893029335396593748
5974804915338468378
-7647055354597304946
-6097685463259775237

-7501381205524429282
-944719619280622689
-6923423867801372006
3728468823006065505

2079350213140182529

135775675621515692
5932960590107807922

-1398177531323523287
5932960590107807922
3949768977426505346

-3245155791312829353
1041404783637891235
9196291796984078991

-5883485820041174258
7408170214879468219